-2.179899956602179140e-02
-4.319725027214178781e-02
-6.399846680236336016e-02
-8.401140677747245822e-02
-1.030513389292830873e-01
-1.209413636537987197e-01
-1.375135714755597593e-01
-1.526100686729898737e-01
-1.660839740896003780e-01
-1.778005974783625487e-01
-1.876391265796765462e-01
-1.954952188966151139e-01
-2.012848102388531957e-01
-2.049490863393489126e-01
-2.064598404052523095e-01
-2.058234761548279335e-01
-2.030811599546708812e-01
-1.983028176201941106e-01
-1.915744606445431431e-01
-1.829816092948610695e-01
-1.725950534600201314e-01
-1.604667115859360338e-01
-1.466410587659664755e-01
-1.311811215311030898e-01
-1.141992383271648870e-01
-9.587609604158527088e-02
-7.645297850187596223e-02
-5.619496101302839941e-02
-3.534156734157821445e-02
-1.407272139604964431e-02
7.488764111417141323e-03
2.923832561300872268e-02
5.103692753284078121e-02
7.267657390005125007e-02
9.388653207986896732e-02
1.143779850329158382e-01
1.339002897060922181e-01
1.522756940777914292e-01
1.693954977038642229e-01
1.851853135423210117e-01
1.995627152725342746e-01
2.124103027260810239e-01
2.235753258239560060e-01
2.328919873240032634e-01
2.402123474454702090e-01
2.454307315528914402e-01
2.484933423743864722e-01
2.493937034407304743e-01
2.481602155004402344e-01
2.448428559234818169e-01
2.395035876145825415e-01
2.322119015716523072e-01
2.230446964096548246e-01
2.120887938291581287e-01
1.994444885475092355e-01
1.852291381372584977e-01
1.695805227861308107e-01
1.526603539003668353e-01
1.346588672300673695e-01
1.158020017005500640e-01
9.636339618889358527e-02
7.668448481908965442e-02
5.720737301303924216e-02
3.852653120527443215e-02
2.146484580319531557e-02
7.171332204399204907e-03
