2.330482774911972754e-01
2.382635141177131821e-01
2.454983070240593923e-01
2.546870165514177331e-01
2.657464412391467024e-01
2.785766696449527569e-01
2.930620722413923573e-01
3.090723689667410623e-01
3.264636738215868084e-01
3.450793897451840397e-01
3.647508307992816667e-01
3.852975227235276856e-01
4.065273138081050286e-01
4.282367165059032255e-01
4.502122115436082983e-01
4.722333777748051742e-01
4.940783911337154333e-01
5.155315080367132152e-01
5.363908282123518445e-01
5.564736084386194825e-01
5.756165392084018340e-01
5.936701406906627065e-01
6.104893389059296016e-01
6.259250527247040008e-01
6.398225076261365718e-01
6.520294904297893046e-01
6.624119839492129680e-01
6.708687508551358647e-01
6.773355777500081887e-01
6.817762299637981638e-01
6.841664731589638393e-01
6.844825465510419038e-01
6.827025471362724307e-01
6.788203451918199960e-01
6.728625220560479070e-01
6.648958641172080242e-01
6.550193503032590847e-01
6.433459522174683753e-01
6.299865621967030149e-01
6.150458373347289509e-01
5.986310993661090318e-01
5.808675541265927444e-01
5.619103230601832921e-01
5.419465785804830071e-01
5.211871231674827243e-01
4.998522546105903519e-01
4.781586019105499852e-01
4.563114877969382532e-01
4.345035781780842155e-01
4.129177234781459815e-01
3.917310483274913380e-01
3.711180370310066534e-01
3.512515995646151579e-01
3.323021488678006841e-01
3.144352931271934271e-01
2.978088895013945026e-01
2.825700981677655155e-01
2.688529046712386794e-01
2.567764779940675535e-01
2.464447667039279533e-01
2.379478955828110975e-01
2.313660719867211002e-01
2.267763933049345704e-01
2.242609335004988325e-01
2.239078588603750364e-01
2.257804809935255452e-01
