5.000000000000000104e-04
1.023647675903484149e-03
1.593907008239709355e-03
2.232564988313669434e-03
2.959299101931798376e-03
3.790134616377368107e-03
4.735159892452745455e-03
5.795444936801353794e-03
6.959241100676521498e-03
8.197744333953645851e-03
9.460988260816751913e-03
1.067478302059279849e-02
1.173997588391806346e-02
1.253555642991352123e-02
1.292705769575113080e-02
1.278107276579656774e-02
1.198538033251323950e-02
1.047235259917299321e-02
8.241655968207826921e-03
5.377589400074824291e-03
2.057093552456886951e-03
-1.454149837860109918e-03
-4.819254403579604010e-03
-7.663039353250968369e-03
-9.621207719721485210e-03
-1.040227164458761011e-02
-9.850577346302565734e-03
-7.992122568420943068e-03
-5.046930633032829967e-03
-1.403466168744441946e-03
2.436730886129279128e-03
5.931685154829034051e-03
8.579436968181489154e-03
9.997973680981519715e-03
9.990850883803182453e-03
8.579911338825317590e-03
5.992996502278039039e-03
2.611528692555246771e-03
-1.102910069731343878e-03
-4.682643247973211631e-03
-7.716573067630317154e-03
-9.896937805036544120e-03
-1.104745193344835140e-02
-1.112965949862364072e-02
-1.022668004775640488e-02
-8.509157352553779405e-03
-6.193152014241682865e-03
-3.500386131726920900e-03
-6.278230257100239631e-04
2.271148438674103296e-03
5.095160341484232872e-03
7.795736795378383106e-03
1.037353530433921846e-02
1.287244510196301414e-02
1.537345352453802633e-02
1.798966231337760860e-02
2.086335497675715148e-02
2.416555434945747913e-02
2.809803824782728526e-02
3.289724625122754376e-02
3.883878057784097976e-02
4.624000201016899986e-02
5.545602059378539755e-02
6.686025860281219479e-02
8.079339402812041326e-02
9.745312957789617481e-02
